350 4385
351 162
352 3084
353 3285
354 3665
355 4379
356 2367
357 4156
358 3453
359 3001
360 3896
361 501
362 3836
363 3773
364 2352
365 1269
366 1179
367 566
368 3904
369 648
370 2551
371 3300
372 1940
373 3647
374 3457
375 3559
376 190
377 354
378 1727
379 4478
380 2659
381 1958
382 2764
383 3341
384 993
385 945
386 3868
387 4172
388 1308
389 1427
390 2636
391 1571
392 4236
393 1589
394 572
395 4021
396 770
397 3439
398 539
399 248
400 2941
401 2673
402 690
403 3424
404 1560
405 828
406 1700
407 763
408 3780
409 2719
410 845
411 2683
412 3500
413 4500
414 2329
415 2142
416 3958
417 2558
418 3204
419 2627
420 1867
421 2315
422 840
423 784
424 507
425 2299
426 1202
427 3274
428 3561
429 49
430 371
431 3932
432 668
433 2674
434 3636
435 3217
436 2192
437 908
438 4163
439 3804
440 351
441 4531
442 4432
443 4222
444 19
445 3870
446 3218
447 2630
448 2979
449 2553
450 2692
451 3092
452 3637
453 1059
454 487
455 1547
456 2869
457 2194
458 182
459 475
460 2129
461 2935
462 150
463 325
464 1414
465 56
466 847
467 2357
468 3676
469 2746
470 1183
471 4044
472 3449
473 3160
474 395
475 2533
476 3282
477 1247
478 2385
479 4131
480 1629
481 102
482 1104
483 3036
484 4498
485 1000
486 1235
487 4036
488 2436
489 4269
490 3843
491 2030
492 1409
493 3333
494 3148
495 2516
496 665
497 2239
498 4241
499 3184
1200 1883
1843 1064
1869 2524
4022 2502
4020 2668
1615 4240
3721 1513
345 1150
347 3648
341 50
343 1225
3996 1127
3994 512
3990 1160
2318 445
2316 2425
2314 2734
2312 2440
2311 1837
298 2365
297 4480
292 651
3773 509
3771 3391
3776 2219
3774 2311
3779 254
4522 2267
271 3301
273 73
275 2867
277 3818
279 786
642 4224
1132 3096
2263 3158
2261 3686
2267 2512
2265 3270
2443 3536
2446 1850
2445 1701
2189 953
102 4146
100 3718
106 1780
104 1501
2046 208
2042 1680
2040 1214
3198 4261
2049 3593
3597 722
2038 2535
1784 1696
3518 39
3516 2130
3514 3404
2685 158
1785 2335
2682 605
1436 2381
342 4082
3441 925
1434 3760
1435 1149
90 2080
92 266
1433 3530
1622 3979
1620 2528
1994 1505
3200 903
349 3112
2417 1862
1170 2593
2861 2431
2863 2804
558 1828
2867 2308
2869 4561
556 4409
550 2251
552 2675
3014 1788
1199 2218
3348 4003
3342 547
3340 3483
1195 3356
1757 2102
1755 2141
1753 3487
1751 3289
4259 2321
1175 3991
1173 4309
1171 3964
4251 514
4252 861
4254 484
4256 671
2964 3677
1875 4038
644 1815
1285 4130
1004 3279
1280 1466
2819 4555
1289 1871
3430 2900
1578 2902
688 2872
685 3776
516 4090
1576 899
1227 3146
1226 1200
621 3496
2966 2399
870 1229
871 1130
4389 2472
4383 2260
4381 1462
4386 2261
4384 4315
1377 3933
1379 508
629 2583
3835 1233
3830 2844
3832 4215
3838 2505
1345 3638
9 3108
4032 2444
4034 1111
4036 1472
4038 2817
1245 1151
3194 954
2308 2862
2300 3989
2305 2539
2307 3762
3592 3050
3746 2187
3744 683
3742 4559
3740 2585
245 2855
247 688
241 2023
243 285
3591 1286
2275 4390
2276 2625
2273 956
2279 202
2459 4071
2455 2356
2457 1873
2451 3388
2453 3910
1862 4507
179 3968
177 2956
174 2042
172 1406
170 2914
2050 2190
2052 4012
4534 736
3692 2345
4530 3944
3696 3993
1501 4081
1367 758
1505 656
3527 3332
3525 751
3520 2892
1508 3242
3529 490
1509 20
1601 1206
2699 1669
2697 2964
2695 249
2693 951
2691 4396
3226 4502
3220 3071
4557 3396
1362 2939
3783 3180
1969 3126
3235 791
1965 3122
1613 3319
1963 2288
4532 1851
3675 2355
2872 2732
2870 2818
2876 3225
2874 2768
2879 2082
3355 3501
3357 2567
1595 1660
3353 2684
3359 3594
3328 4472
1768 3351
1763 629
1761 538
1767 4460
1140 4058
1144 448
1148 365
768 3520
692 1273
1544 1966
697 274
695 3995
699 495
542 1079
540 312
546 2474
544 3930
3784 3416
3885 4154
3728 2009
767 1159
2388 2351
1389 3774
1385 2215
1387 2382
1383 1991
3826 4073
3824 2842
3822 684
3820 528
3829 2226
3256 737
2438 3551
4282 764
4280 4499
4286 2148
4285 867
4289 4171
2762 3161
2065 3875
3759 1747
622 1242
3750 3680
3752 52
3754 4048
3756 1830
2191 504
2194 865
2196 96
252 15
250 2670
256 1909
254 470
2200 2959
2202 275
2205 3041
2207 797
2209 3526
2429 1591
2421 1057
2423 2039
1849 2279
2427 2147
165 1489
167 3364
161 4101
163 3511
3688 1051
4528 3565
4524 4089
3686 542
3461 503
2519 1105
2514 2646
2516 4025
2510 692
2512 1686
2734 1987
2736 1661
2731 2903
2733 3655
2738 2121
1846 3977
3533 3142
3535 709
3536 4491
3538 2235
1814 1566
1816 2435
1810 2701
1812 1954
1818 3821
674 802
675 3354
921 2075
4332 1232
2795 3295
672 1299
1609 3603
3229 3248
1978 682
3224 4557
1974 1175
1604 3924
1606 3123
809 2053
803 2938
801 731
807 2004
805 3672
4437 3024
2849 4422
2847 4482
2845 1506
2843 1733
2841 620
3321 334
3323 3923
3325 2834
3327 3099
3329 1555
1777 170
1771 2479
1773 2758
1779 1900
3972 3091
2806 2596
3957 1667
1551 970
3977 1561
1154 719
3976 2714
1150 2131
1152 2347
1555 298
3039 3159
2999 3450
1552 4234
58 2997
1556 1278
2991 2182
3037 1595
3031 4230
3033 2061
55 1067
534 3062
532 2280
54 1610
3036 4349
538 1420
1558 887
50 3370
3294 2202
2996 1771
2997 1647
3724 310
536 3663
3455 3007
1399 4228
1397 1726
1394 548
1390 1622
3813 1619
3811 1514
3817 2091
2692 2691
530 2587
2539 2105
3627 1743
302 3664
4299 2008
4294 281
4296 787
4290 4142
4292 948
1972 1694
1921 227
1970 881
2183 159
2181 4463
229 4453
226 1497
2188 4344
222 3723
220 2880
2212 1309
2217 3586
2215 196
2680 2987
2218 2398
151 3612
153 1324
155 270
157 4434
159 3017
2431 418
2437 3426
2435 4242
1686 1563
2293 913
4519 3877
4513 1493
4511 1644
4517 1707
4515 1977
2508 3852
2506 3367
2504 3476
2502 2253
2500 4201
2726 4431
2724 1485
2722 151
2720 625
2728 3046
1163 2568
1807 626
3780 1891
3786 1245
1801 1431
3788 1017
1809 2624
3089 4258
2160 1461
3259 2886
1949 3191
3250 4486
3252 3229
3255 1454
818 435
810 1853
812 711
815 2114
2859 1918
1250 1157
2851 1241
2853 3585
1993 198
2856 1007
3332 4035
3337 2139
3334 3808
1499 3713
3338 2808
4189 138
1702 1445
3201 1682
1709 1243
1392 2412
3658 3309
1128 3278
1628 1746
1169 3069
1122 3086
1126 2950
3208 3886
2988 873
3028 3304
2982 2672
2980 2195
2986 3839
2984 2377
3953 2236
1018 268
522 2962
1014 1760
1016 4263
528 3661
1012 3866
1235 556
1237 3187
1231 1637
1233 1577
4197 2532
4195 4505
1239 209
305 1312
306 69
4355 1627
3954 3927
4351 3397
4353 3376
4552 2393
3809 2795
3805 1237
3807 2408
3800 1838
3802 3863
2481 3918
2285 2815
3153 3591
1162 346
4076 1197
4174 3581
4176 2996
4172 3179
4178 4194
3160 1107
4521 3730
3065 3505
997 148
2467 1839
234 2809
236 3605
230 3344
232 381
2944 2926
2228 2127
2226 3260
2224 2711
2222 3609
2220 3070
1 2081
147 2245
145 1452
143 1254
2468 2582
149 3420
1430 3694
4501 2471
4503 3962
4509 362
3401 696
2089 1664
2082 265
2080 712
2086 1258
2084 1729
1537 29
123 2459
2532 890
2530 320
2536 4045
4328 38
2712 727
2710 4187
2716 328
2714 2793
3346 4160
2719 4246
3347 4414
129 3362
1833 1659
1831 11
3798 3767
1835 2831
3794 2495
3796 1935
3790 2380
3792 1467
2407 3134
938 2006
2403 1456
2401 3717
932 1146
937 3200
2408 1404
3091 1014
1954 3170
1951 255
1952 3478
1959 2816
1828 1211
3248 1275
3241 614
3247 1635
3245 3125
4404 3657
829 1475
824 2452
826 295
4406 3597
1278 3039
1176 1392
4400 4509
4393 1750
1482 1056
1480 2273
4402 4202
3309 3740
3307 1995
3305 491
3301 2889
1712 4065
794 3925
1716 2104
1714 2578
1718 2124
798 3976
2799 2936
2143 3345
3095 3629
137 1969
1133 1090
4329 3468
1136 871
1134 1894
1276 3704
615 4257
3018 58
3012 2266
3010 3770
3016 3850
3308 1347
519 2882
2066 3712
1008 4443
513 2731
515 374
1001 726
623 2743
1225 2861
627 3115
1221 3589
4181 4120
4183 388
4185 4037
1229 1865
4349 4286
4347 1490
4344 1465
4342 3525
4340 527
2883 3705
2881 3458
2887 1961
2885 702
2889 4249
4257 1249
3878 937
3196 1335
3870 4450
3873 601
3875 4512
1286 3856
10 2772
12 2594
14 3812
16 762
18 2754
3274 3906
1923 1975
2382 700
3272 3678
3904 1906
3906 463
3900 608
3902 2098
3113 3811
3908 4283
3193 2406
4166 811
4164 2622
4161 4176
2742 741
4168 2595
1534 545
3090 2155
200 826
205 3093
207 1728
208 4470
3476 4152
1573 2230
831 3280
4320 2523
1571 3980
2239 1407
1570 746
2231 1646
2233 3607
2235 2579
2237 2178
1574 4328
3498 1709
3496 4204
3494 4308
3492 1494
3490 3283
2095 3445
2097 1388
2091 3040
2093 1215
3654 1878
3656 4267
3650 4199
3652 2607
2525 587
2527 975
2521 3880
2523 3632
2528 1970
4494 3507
4493 1219
2709 3009
2704 230
2701 2028
2703 3556
4193 1044
4409 886
4405 3798
1826 2415
4401 4372
1822 3570
929 2555
2412 1825
2668 54
2140 200
922 3864
925 2931
2148 385
3950 2397
4191 4148
1922 1899
1924 4386
1926 4174
1928 1412
4226 2865
3279 488
833 1913
3470 1927
3472 558
838 2224
3479 247
4222 2360
3319 3510
3310 1834
3312 748
3317 1517
784 889
786 2496
780 4508
1728 1491
1726 1045
1724 1653
1722 106
1720 477
1790 288
2439 1818
61 3259
63 1968
65 1753
3002 4104
69 1535
3008 638
1371 800
1370 1868
1583 4397
1581 2179
1587 4004
1585 2737
1038 273
1982 152
507 4170
505 3389
1037 2343
1035 4265
1213 3892
633 3587
1217 4556
1215 761
639 1912
4245 624
4379 164
4373 3911
4371 412
4377 2589
4375 3235
2895 808
4242 1116
2891 2757
2893 1538
1106 1212
1104 2047
1103 243
1101 3779
1458 485
1108 3312
3862 3595
3869 669
4084 3094
4086 4296
4088 3326
3861 955
3867 3175
3865 2262
1894 4115
2418 2019
3831 4560
3734 3895
1891 2361
680 706
3916 1510
3914 1861
3912 3558
2137 765
3919 4445
2133 580
4153 1717
4151 1798
4157 3177
4155 1924
4158 2909
4512 426
2754 278
217 1260
215 1863
210 584
1530 286
219 664
2138 4138
681 1823
4 2509
3488 3557
3480 3247
3482 36
3484 992
576 1330
4561 2164
3649 4534
3074 4400
3645 2049
3643 2814
3641 167
2550 679
2552 1546
2554 655
2556 989
2558 331
2396 3029
4080 2829
2392 2156
2391 321
3001 3820
2399 1657
2779 17
3003 4300
2770 1080
2772 3059
2774 1210
2776 2577
2802 2021
3164 1965
1859 2490
4419 3635
1850 4054
4415 4084
4413 798
4411 3114
2172 3324
2170 3703
919 1471
2174 1220
915 3951
2178 3109
911 2879
4333 2137
2604 3083
2606 1368
2600 1101
2602 1268
4270 2201
2609 1882
3260 4276
1930 916
1936 943
3266 3357
3268 3606
1938 3706
847 2787
845 4533
843 1480
841 1938
4460 4408
3469 1344
664 3437
1546 964
4331 1398
4276 3614
663 2690
1738 2368
1731 4501
1733 3435
1735 4033
1737 3298
1039 2026
752 4416
2371 3403
756 2750
754 4466
509 364
3070 1564
1597 289
1591 4341
1593 4546
3078 1426
2956 1326
1599 1607
2952 1962
1025 647
1027 3578
1021 3693
1023 3610
502 902
1028 4303
2054 2726
3701 3753
4364 3265
4366 3809
1208 1098
4362 3519
1204 474
1206 1405
4368 142
1202 2014
4277 3732
635 3580
3109 16
3104 3921
3106 862
3100 3955
3102 155
1447 4178
1445 3685
1443 691
1117 4270
1119 536
4279 1453
4093 543
4090 2119
4096 568
4094 723
4098 2103
3704 2699
1803 997
3922 3140
3920 3433
3926 1732
3924 3262
3928 869
3647 2491
4149 3193
4145 2972
4146 1020
4140 4108
4142 1270
3857 766
3855 3299
3853 120
3851 241
3858 1063
3283 834
1567 560
2897 3913
2896 4352
198 1400
195 1896
197 610
193 3398
3678 3230
4558 2470
4556 471
4554 4366
3676 1811
4550 4384
2543 521
2541 4135
2547 1715
2545 3087
3006 1645
2548 883
2381 1703
1457 458
2387 2709
2389 1136
1451 1340
3581 4477
3583 3710
1452 4091
3587 414
3589 742
2760 2394
2766 1027
2764 3430
902 1857
900 3334
906 492
904 2725
4422 1351
1841 3015
4426 4327
4424 2534
4308 3726
2169 2742
2165 836
2167 2325
4261 1238
2163 1171
2617 1762
2615 100
2613 3330
2611 3749
3254 1479
2619 3728
3868 1768
3299 1817
1906 3438
1904 4469
1902 968
1900 3219
3452 3143
3450 1305
850 2390
3454 1930
3458 1941
858 1814
3293 18
6 4320
611 3598
4187 1195
817 729
740 2256
742 473
744 2946
746 2489
748 1639
1799 632
3062 4005
3060 2413
3066 3602
2948 1421
2946 2111
3068 1043
2942 639
2940 3443
1051 1695
1053 4243
719 1981
1057 3544
1059 1446
1696 1026
1694 497
1692 570
1690 1289
715 2521
1699 78
4311 996
4313 2302
4315 1697
4317 2400
1271 1087
1273 1187
617 375
1277 2971
710 336
3333 3550
3119 2693
3117 1265
3115 27
4269 4077
3111 3410
1472 4050
1470 724
1476 4301
1474 3769
1494 1168
1479 807
1304 4338
1306 236
1300 4539
1302 4001
1497 3931
1309 540
4228 3922
4224 1332
4227 3224
4221 4325
24 326
26 3258
20 2458
22 282
2593 2695
29 3025
3939 1096
844 2378
3934 12
3936 946
3930 1122
3932 2515
1703 3584
1705 4464
4139 2658
4130 3263
4132 3369
4134 2778
4136 231
3841 3572
3842 4334
3844 2538
3846 2484
3848 1621
1600 4330
1871 616
4044 377
4046 2619
4040 1643
4042 42
4048 2876
7 3390
2288 481
3667 559
3661 4218
3662 324
2281 1476
2283 2730
3668 2810
2287 3013
4548 2761
4540 3807
4542 672
4544 3683
2578 3742
2576 4342
2574 1979
2572 3549
2570 1568
2059 1625
2379 2776
2374 1712
2376 1967
2370 4069
2372 4367
3593 2700
2596 1255
2590 89
3595 4192
3694 1735
3598 3343
2599 2364
4435 2229
1874 3384
1872 1129
4433 2
1083 823
4439 384
1878 4370
977 2274
973 1812
971 898
1080 1736
978 2384
183 739
181 2747
187 4181
185 2984
2111 2492
2113 1774
2115 1008
2117 2500
2623 3503
2621 3292
2627 1154
2625 1606
60 3583
1918 3907
1089 4264
3288 1222
1910 2789
1088 3048
1914 166
3280 781
868 606
3449 3154
861 513
863 1042
865 2120
867 443
2024 1866
2026 1257
2752 506
2750 4229
3144 1946
2028 3480
2758 2729
883 3313
880 407
886 157
1032 2106
889 2878
2824 2554
3086 3671
4555 1730
775 1648
777 1835
771 244
773 1807
779 2285
77 33
75 2744
73 2803
3058 136
3056 2611
2970 3829
2976 2275
3050 61
1043 3787
1041 4159
1047 2727
1045 1307
1049 1006
1681 598
1683 216
1685 4214
3026 1957
1688 775
4303 1829
1269 1115
4307 2465
669 3810
667 2220
665 4336
1267 1775
1265 2976
3287 1721
3286 3135
3285 591
3128 844
525 4060
3123 4239
3121 2065
3127 2536
3125 4121
1468 3117
1464 3268
1466 3196
1460 2680
1462 3375
1316 4041
1314 3210
1312 1544
1310 3250
1318 1689
4239 3690
4237 618
4235 892
4233 876
4231 1630
926 2713
1010 3378
3445 1231
3444 1114
1404 4340
3948 3137
319 1438
3403 936
312 2134
317 1158
315 2486
4216 1971
1618 1487
1520 2906
4129 778
2025 1370
4122 980
4199 3162
4126 2796
4124 2214
2027 4411
2020 4413
1336 1022
2023 4055
1333 1089
4057 3939
4055 1172
4053 3516
4051 2117
2324 2669
4059 2918
630 1192
3407 4145
4359 2309
3611 437
2298 3166
3615 2770
3618 4446
2291 4339
2297 813
2295 3618
909 2071
3406 2198
4357 318
2561 352
2563 3805
632 2952
2567 3459
4363 2306
2367 3935
2365 467
2363 3902
2361 2232
2587 3414
2585 522
2583 4169
2581 330
2589 617
1861 1864
1863 189
1865 2873
4446 4532
4448 2101
3726 3891
3720 3132
3722 2414
964 1169
966 3988
960 4381
962 2281
969 3744
2108 2240
2103 794
2101 438
2107 297
2105 3582
670 2957
2638 653
2634 3475
2636 3032
2630 2993
2632 1333
1560 705
3092 3975
1611 2387
1536 4462
877 472
3433 4238
3435 2723
3437 400
2036 896
2034 2895
2032 2324
2030 3533
2748 370
1532 2745
891 783
893 4412
895 3785
897 3679
899 1382
3651 3307
3231 3987
648 3859
3486 1303
3544 1363
3546 47
3540 168
3542 4189
1619 3246
3549 1688
4420 820
1966 2211
1789 773
3239 2037
2960 4441
2962 793
763 332
761 3943
2968 4323
1787 4188
3048 2073
3041 2027
3043 1126
3045 1010
3047 687
661 4103
1078 1384
1076 870
1074 3033
1072 3625
1071 361
1679 715
1675 173
4182 2641
1671 1084
1673 3832
1095 2821
1097 2807
1091 3194
4339 2172
4337 3027
677 2454
1099 3878
854 1380
3134 393
3136 2110
3130 3791
3132 3365
3138 2937
1547 3757
1418 3
2490 2268
1411 3970
1413 2606
1415 986
1417 2264
1323 2916
1321 3670
1327 1156
1325 214
1329 2000
4208 2549
4202 1905
4200 210
4206 3327
4204 3775
647 963
2394 531
1525 2517
1527 710
1253 3541
1523 3488
1529 272
1259 842
309 4290
3958 2932
301 967
303 2269
3956 103
307 153
4117 1318
4115 3477
4113 2476
4111 3481
4118 905
2070 3444
1381 1086
2979 593
852 4306
70 4380
3815 3014
989 4492
3054 264
4062 2109
4060 482
4066 2389
4064 1132
3052 2798
4069 3288
1603 1381
78 990
3602 4245
3600 390
3606 2363
3604 4173
3608 3739
4223 2686
985 2228
2035 411
2359 1723
2353 4318
2351 108
2357 4407
2355 1739
4453 1091
4450 769
1899 1738
4454 4029
3736 1217
1897 1594
3732 3724
3730 3131
2134 1758
2132 796
2130 224
951 3291
953 857
955 880
957 2213
3203 1681
1684 156
2649 2066
2640 3189
2642 2721
2644 134
2646 3604
2994 4526
3428 3514
3422 2507
3420 464
3426 1478
3424 4538
4417 2323
2001 451
2007 708
4416 4484
2008 180
1852 1343
1853 1502
2118 3898
4301 1666
4300 234
3557 3150
3555 856
3553 3188
3551 4373
668 872
3558 1477
1262 483
1261 37
2910 3157
2912 1419
2914 3735
2916 984
1793 1139
1791 2708
1797 3755
711 3792
4177 1016
660 3139
1069 2277
2179 3838
1060 480
1062 3764
1064 666
1066 2887
913 242
1668 1797
1666 2297
1664 3251
1662 1184
1660 4198
1086 4072
1084 926
594 4456
596 4347
598 3523
4322 3168
4324 1654
4326 2896
3141 1881
3143 84
2829 3662
1526 1137
3149 1889
2827 1435
2821 2967
2823 77
3387 2094
3385 4293
3383 3681
3381 2940
3389 2017
1409 32
1403 2076
1401 4244
1407 1638
1630 3446
4214 2647
4210 1809
4212 1049
1337 1670
690 1423
1432 2677
696 3588
39 2696
1540 1754
33 2054
31 535
37 3305
35 1099
1241 1287
643 818
3096 3720
1531 1088
1248 3766
3099 339
1538 2988
339 1778
335 3226
337 1143
331 1375
333 2292
4101 90
4103 3223
4105 2263
4107 3434
4109 743
1295 107
3898 1740
3892 3350
3890 4376
3896 609
3894 2801
3467 567
545 4420
3242 1142
789 1331
8 2265
1496 4356
1353 1884
4078 2960
4074 2460
2918 1985
4070 2978
4072 999
2064 2003
3965 2706
3963 637
3961 8
3969 3266
3638 2510
3636 4076
3634 4086
3632 2423
3630 835
1454 2332
235 337
2345 2417
2347 1988
2341 3954
2343 4034
2349 267
2469 4113
3253 973
4504 499
4468 942
1887 2010
4464 2029
4462 2766
1881 1322
2121 2225
2123 4235
2125 636
2127 1640
946 3462
944 4022
942 4209
940 3382
2410 901
2658 1799
2653 2581
2651 2930
2657 4024
2655 486
3416 1170
3414 1986
3412 830
3410 1582
138 112
3419 3456
1354 1551
2018 1031
2014 283
2016 633
2013 3163
3562 2392
3560 3484
3566 4097
3564 2557
3034 171
3569 3915
4485 2018
3000 1327
4481 4140
4483 2645
4488 133
2903 1074
2901 2943
708 380
2905 1097
704 1360
2909 4442
700 1698
702 4254
88 1028
82 147
80 2453
86 132
84 455
1256 1402
1934 2751
1659 814
1652 3784
1650 3347
1656 1038
1654 2317
586 2788
584 4210
582 2310
580 1618
1632 313
589 1779
3152 1540
3217 4346
3156 1048
3154 4483
1634 4098
3158 3741
2832 3010
3211 2250
3390 2720
3392 1313
1636 207
1431 3899
3398 415
3708 1012
1439 3228
1349 1843
1541 670
4262 2084
4264 2298
4266 3803
4268 2548
1342 824
4466 1932
1885 4304
517 41
3263 2656
832 935
656 2442
654 1073
1506 3997
650 225
3085 1808
3087 2188
3081 3579
3083 2689
3943 2064
637 1794
1193 4043
314 3831
3884 3626
3886 579
3880 2033
3882 2975
3889 348
2129 1144
1677 2919
568 1060
750 4353
4009 3415
3223 1756
4002 628
4004 577
4006 3508
3971 396
320 2968
3975 2580
324 2313
3979 4056
328 4448
3629 303
758 1656
3620 940
3622 2185
3624 1745
3626 2561
2330 319
2332 704
2334 3128
2336 792
2338 3947
3072 3953
2534 1554
2958 1783
835 772
3715 4028
3717 1567
3711 1672
3713 1588
1131 730
3719 4490
4479 3423
2711 183
4471 63
4473 914
4475 137
4477 1948
2488 3555
2486 3074
2484 2965
2482 1050
2480 1486
1279 962
2248 3646
2244 257
2246 1790
2240 3936
2242 165
995 119
2466 1734
991 441
993 693
1920 2483
998 333
3400 1803
3402 863
125 2724
127 2434
133 2682
4271 1041
132 2060
131 449
2069 2227
3415 4387
2060 4207
2062 654
2796 1083
2794 4388
521 2126
1185 825
135 468
3411 2765
1180 590
3370 809
3579 1430
3575 2911
3577 3928
3571 1037
3572 4552
2667 1793
2665 894
2663 2205
2661 1401
4499 2249
2938 1950
2936 932
2934 269
2932 4124
2930 3562
1559 345
1836 175
1645 3815
1647 1910
1641 1019
1643 1573
1396 4190
1648 3765
729 1856
605 1599
578 3320
573 1488
571 1901
577 780
575 4547
2809 3368
3168 2067
3166 2707
2800 2635
3162 745
2804 2942
1848 1348
1423 2501
3368 3725
1427 76
1429 3006
3366 3778
3360 2349
3362 1251
731 929
2405 576
734 4020
736 738
738 3800
4273 1416
1359 25
2400 2860
4274 4433
1350 2248
1355 1600
2158 2379
1519 3973
1514 1093
1516 1626
1510 2350
1512 238
1275 1711
280 121
3185 1508
3187 3141
3181 2638
2005 2679
3189 2736
4423 4354
4019 904
2112 2068
4012 1724
4010 2487
4016 176
4014 2069
3989 3386
3985 2375
3987 466
3981 3152
3983 1293
3613 806
2323 4216
2321 673
2327 3889
2325 1916
2329 366
1113 3652
288 3058
2830 3592
281 4083
283 4137
285 4423
1895 2463
3760 2643
3762 2247
3764 3336
3766 430
3768 3072
1440 1702
262 1176
260 1523
266 60
264 985
269 3419
1290 1252
2498 3178
1893 4503
1564 1282
2492 3515
2494 2756
2496 3054
1566 1992
2258 1801
2256 623
2254 478
2251 652
2477 3339
2475 1959
2473 895
2470 2093
983 534
981 3660
987 1390
2478 4092
114 810
116 2597
110 3056
2199 1875
118 4231
2785 2372
2787 2316
2781 2925
2783 4479
2789 2140
2079 1858
2073 2565
2071 600
2077 218
2075 4260
1388 2863
3508 1816
3500 1603
3502 3620
3504 2145
3506 1693
2671 557
2673 3360
2675 3485
2677 4493
2679 2441
1209 3138
4027 1890
2920 4237
2922 1888
2924 4529
2926 1902
2907 125
709 2468
1631 1403
1985 3616
1983 1574
3213 658
1639 4049
3219 1429
1989 2058
587 2007
2815 819
2817 2189
2811 2637
2813 4051
560 1474
562 3841
564 1315
566 1770
3179 555
3171 2569
3173 2782
3175 1437
3177 1328
3379 422
1186 4402
3375 3716
1182 1846
3371 2805
726 1458
724 117
1748 2748
720 4437
1744 1121
1746 2289
1740 622
728 2784
1164 4232
1166 3460
1160 2518
4248 755
4246 4438
4244 2832
1168 3321
4240 1120
3304 713
1488 882
49 1748
47 2429
42 3940
40 4026
1568 7
1298 3743
1292 194
1562 2216
1296 177
3192 2920
1360 1524
3190 939
2425 2676
1717 1138
792 1323
4399 2576
4441 4143
4391 1832
3507 3190
4395 174
4397 3220
1365 4206
4444 2612
3699 2642
4445 1365
